error(train): 0.08053691275167785
error(test): 0.18072289156626506