error(train): 0.06711409395973154
error(test): 0.1927710843373494