error(train): 0.09395973154362416
error(test): 0.1927710843373494